# messageDelay  cumulativeProbability
2.2000 0.0006
2.2000 0.0012
2.5000 0.0019
2.6000 0.0025
2.8000 0.0031
3.0000 0.0037
3.3000 0.0043
3.6000 0.0050
3.6000 0.0056
3.7000 0.0062
3.9000 0.0068
7.1000 0.0074
10.3000 0.0081
11.8000 0.0087
14.9000 0.0093
16.0000 0.0099
38.0000 0.0106
38.5000 0.0112
46.1000 0.0118
70.0000 0.0124
74.5000 0.0130
82.8000 0.0137
84.4000 0.0143
105.4000 0.0149
106.2000 0.0155
106.8000 0.0161
114.2000 0.0168
121.5000 0.0174
133.9000 0.0180
136.1000 0.0186
138.1000 0.0192
138.1000 0.0199
155.1000 0.0205
177.9000 0.0211
190.9000 0.0217
191.3000 0.0223
223.7000 0.0230
248.0000 0.0236
251.9000 0.0242
274.3000 0.0248
275.1000 0.0255
284.3000 0.0261
287.8000 0.0267
320.4000 0.0273
349.8000 0.0279
356.3000 0.0286
358.2000 0.0292
367.9000 0.0298
370.8000 0.0304
379.4000 0.0310
387.5000 0.0317
393.8000 0.0323
394.0000 0.0329
411.6000 0.0335
412.9000 0.0341
470.0000 0.0348
470.3000 0.0354
471.7000 0.0360
479.3000 0.0366
485.5000 0.0372
492.1000 0.0379
515.0000 0.0385
527.8000 0.0391
528.5000 0.0397
544.0000 0.0403
545.7000 0.0410
546.8000 0.0416
548.4000 0.0422
563.9000 0.0428
573.9000 0.0435
577.2000 0.0441
606.4000 0.0447
627.6000 0.0453
649.3000 0.0459
649.7000 0.0466
651.2000 0.0472
661.1000 0.0478
668.2000 0.0484
672.5000 0.0490
690.8000 0.0497
708.0000 0.0503
717.5000 0.0509
735.6000 0.0515
775.1000 0.0521
778.0000 0.0528
779.6000 0.0534
795.0000 0.0540
841.3000 0.0546
859.0000 0.0552
859.2000 0.0559
864.7000 0.0565
882.0000 0.0571
889.5000 0.0577
891.0000 0.0583
906.3000 0.0590
910.0000 0.0596
912.2000 0.0602
918.0000 0.0608
920.5000 0.0615
1005.9000 0.0621
1010.5000 0.0627
1022.0000 0.0633
1029.9000 0.0639
1039.2000 0.0646
1039.8000 0.0652
1044.1000 0.0658
1083.7000 0.0664
1090.4000 0.0670
1098.0000 0.0677
1099.9000 0.0683
1107.4000 0.0689
1127.7000 0.0695
1137.2000 0.0701
1137.8000 0.0708
1147.7000 0.0714
1183.2000 0.0720
1185.4000 0.0726
1186.3000 0.0732
1231.8000 0.0739
1232.7000 0.0745
1243.1000 0.0751
1244.7000 0.0757
1256.5000 0.0764
1259.2000 0.0770
1270.0000 0.0776
1273.1000 0.0782
1284.5000 0.0788
1285.9000 0.0795
1305.3000 0.0801
1306.4000 0.0807
1313.8000 0.0813
1316.6000 0.0819
1334.7000 0.0826
1338.1000 0.0832
1339.0000 0.0838
1340.3000 0.0844
1365.2000 0.0850
1370.3000 0.0857
1450.1000 0.0863
1508.3000 0.0869
1513.2000 0.0875
1518.7000 0.0881
1519.7000 0.0888
1585.9000 0.0894
1590.2000 0.0900
1612.4000 0.0906
1640.9000 0.0912
1643.6000 0.0919
1654.8000 0.0925
1698.5000 0.0931
1719.7000 0.0937
1739.7000 0.0944
1743.5000 0.0950
1754.8000 0.0956
1757.4000 0.0962
1763.2000 0.0968
1777.0000 0.0975
1832.4000 0.0981
1841.4000 0.0987
1861.0000 0.0993
1886.1000 0.0999
1919.5000 0.1006
1920.2000 0.1012
1921.0000 0.1018
1925.7000 0.1024
1949.8000 0.1030
1961.2000 0.1037
1984.9000 0.1043
2095.1000 0.1049
2113.6000 0.1055
2146.1000 0.1061
2170.0000 0.1068
2211.6000 0.1074
2318.1000 0.1080
2321.3000 0.1086
2357.3000 0.1092
2387.2000 0.1099
2392.2000 0.1105
2434.2000 0.1111
2449.4000 0.1117
2463.5000 0.1124
2481.6000 0.1130
2495.8000 0.1136
2511.9000 0.1142
2514.1000 0.1148
2528.8000 0.1155
2593.4000 0.1161
2605.6000 0.1167
2610.7000 0.1173
2641.3000 0.1179
2645.2000 0.1186
2653.8000 0.1192
2755.4000 0.1198
2759.9000 0.1204
2771.4000 0.1210
2787.8000 0.1217
2791.4000 0.1223
2797.1000 0.1229
2811.2000 0.1235
2877.5000 0.1241
2909.3000 0.1248
2909.6000 0.1254
2928.7000 0.1260
3014.5000 0.1266
3090.4000 0.1273
3091.7000 0.1279
3108.1000 0.1285
3117.6000 0.1291
3123.0000 0.1297
3138.0000 0.1304
3152.7000 0.1310
3160.3000 0.1316
3164.4000 0.1322
3165.7000 0.1328
3194.3000 0.1335
3243.2000 0.1341
3257.5000 0.1347
3265.1000 0.1353
3310.0000 0.1359
3327.3000 0.1366
3327.8000 0.1372
3332.9000 0.1378
3343.8000 0.1384
3344.1000 0.1390
3368.2000 0.1397
3374.5000 0.1403
3415.9000 0.1409
3416.2000 0.1415
3443.5000 0.1421
3462.3000 0.1428
3480.0000 0.1434
3512.1000 0.1440
3517.7000 0.1446
3544.2000 0.1453
3564.0000 0.1459
3604.4000 0.1465
3632.2000 0.1471
3644.5000 0.1477
3665.1000 0.1484
3669.5000 0.1490
3679.8000 0.1496
3685.5000 0.1502
3694.4000 0.1508
3701.0000 0.1515
3706.6000 0.1521
3746.0000 0.1527
3770.6000 0.1533
3827.7000 0.1539
3843.3000 0.1546
3852.7000 0.1552
3853.6000 0.1558
3860.1000 0.1564
3870.1000 0.1570
3966.9000 0.1577
3981.6000 0.1583
3998.6000 0.1589
4009.3000 0.1595
4082.9000 0.1601
4137.2000 0.1608
4139.0000 0.1614
4146.0000 0.1620
4157.3000 0.1626
4272.2000 0.1633
4275.6000 0.1639
4294.3000 0.1645
4296.0000 0.1651
4300.5000 0.1657
4350.2000 0.1664
4364.4000 0.1670
4406.5000 0.1676
4431.1000 0.1682
4443.2000 0.1688
4468.4000 0.1695
4469.5000 0.1701
4586.0000 0.1707
4596.0000 0.1713
4642.3000 0.1719
4642.7000 0.1726
4699.0000 0.1732
4730.8000 0.1738
4750.2000 0.1744
4750.4000 0.1750
4758.0000 0.1757
4778.8000 0.1763
4812.7000 0.1769
4813.7000 0.1775
4850.9000 0.1782
4856.8000 0.1788
4927.7000 0.1794
5035.2000 0.1800
5048.7000 0.1806
5063.7000 0.1813
5088.0000 0.1819
5095.6000 0.1825
5153.8000 0.1831
5171.5000 0.1837
5177.6000 0.1844
5183.6000 0.1850
5224.1000 0.1856
5300.0000 0.1862
5420.8000 0.1868
5445.9000 0.1875
5455.4000 0.1881
5537.5000 0.1887
5561.7000 0.1893
5576.0000 0.1899
5576.4000 0.1906
5605.0000 0.1912
5616.3000 0.1918
5658.6000 0.1924
5695.9000 0.1930
5706.3000 0.1937
5750.1000 0.1943
5911.2000 0.1949
5918.9000 0.1955
5959.3000 0.1962
5982.0000 0.1968
5983.3000 0.1974
6045.6000 0.1980
6125.2000 0.1986
6165.7000 0.1993
6169.4000 0.1999
6340.3000 0.2005
6395.3000 0.2011
6406.9000 0.2017
6446.0000 0.2024
6459.5000 0.2030
6499.7000 0.2036
6541.6000 0.2042
6562.7000 0.2048
6581.4000 0.2055
6700.8000 0.2061
6917.0000 0.2067
6960.9000 0.2073
6967.6000 0.2079
6972.9000 0.2086
6976.5000 0.2092
7004.2000 0.2098
7053.9000 0.2104
7101.2000 0.2110
7132.6000 0.2117
7140.0000 0.2123
7187.9000 0.2129
7188.4000 0.2135
7205.7000 0.2142
7228.2000 0.2148
7234.7000 0.2154
7235.1000 0.2160
7247.8000 0.2166
7283.8000 0.2173
7313.2000 0.2179
7392.5000 0.2185
7408.3000 0.2191
7465.5000 0.2197
7480.5000 0.2204
7497.8000 0.2210
7572.6000 0.2216
7629.2000 0.2222
7643.2000 0.2228
7746.1000 0.2235
7838.0000 0.2241
7859.8000 0.2247
7881.4000 0.2253
7896.4000 0.2259
7954.5000 0.2266
8067.3000 0.2272
8072.1000 0.2278
8159.5000 0.2284
8165.4000 0.2291
8205.5000 0.2297
8214.3000 0.2303
8232.2000 0.2309
8273.1000 0.2315
8285.1000 0.2322
8287.7000 0.2328
8323.6000 0.2334
8347.4000 0.2340
8395.3000 0.2346
8577.9000 0.2353
8617.2000 0.2359
8625.5000 0.2365
8664.8000 0.2371
8707.4000 0.2377
8725.9000 0.2384
8768.1000 0.2390
8775.2000 0.2396
8805.1000 0.2402
8829.0000 0.2408
8975.0000 0.2415
8998.6000 0.2421
9092.7000 0.2427
9096.2000 0.2433
9122.8000 0.2439
9135.1000 0.2446
9141.6000 0.2452
9303.7000 0.2458
9305.1000 0.2464
9385.8000 0.2471
9468.4000 0.2477
9479.0000 0.2483
9555.0000 0.2489
9638.1000 0.2495
9650.1000 0.2502
9681.2000 0.2508
9683.3000 0.2514
9840.9000 0.2520
9842.5000 0.2526
9869.3000 0.2533
9898.1000 0.2539
9912.1000 0.2545
9995.0000 0.2551
10067.0000 0.2557
10092.6000 0.2564
10112.0000 0.2570
10188.4000 0.2576
10193.7000 0.2582
10314.9000 0.2588
10354.1000 0.2595
10427.9000 0.2601
10443.9000 0.2607
10610.2000 0.2613
10646.1000 0.2619
10671.3000 0.2626
10738.7000 0.2632
10744.8000 0.2638
10820.8000 0.2644
10988.6000 0.2651
11028.6000 0.2657
11041.8000 0.2663
11256.6000 0.2669
11306.2000 0.2675
11403.0000 0.2682
11426.3000 0.2688
11470.4000 0.2694
11491.8000 0.2700
11499.5000 0.2706
11524.4000 0.2713
11540.3000 0.2719
11583.8000 0.2725
11601.2000 0.2731
11620.7000 0.2737
11699.1000 0.2744
11723.9000 0.2750
11774.3000 0.2756
11779.2000 0.2762
11799.0000 0.2768
11802.4000 0.2775
11870.8000 0.2781
11871.7000 0.2787
12161.7000 0.2793
12188.6000 0.2800
12195.8000 0.2806
12282.4000 0.2812
12291.3000 0.2818
12320.4000 0.2824
12364.9000 0.2831
12402.5000 0.2837
12414.7000 0.2843
12571.2000 0.2849
12593.1000 0.2855
12641.6000 0.2862
12677.1000 0.2868
12695.8000 0.2874
12890.2000 0.2880
12953.2000 0.2886
12967.9000 0.2893
13074.3000 0.2899
13127.1000 0.2905
13141.6000 0.2911
13179.5000 0.2917
13215.7000 0.2924
13217.2000 0.2930
13218.1000 0.2936
13320.9000 0.2942
13419.0000 0.2948
13456.1000 0.2955
13510.5000 0.2961
13519.7000 0.2967
13677.9000 0.2973
13679.9000 0.2980
13765.3000 0.2986
13829.1000 0.2992
13941.6000 0.2998
13985.6000 0.3004
14082.9000 0.3011
14109.3000 0.3017
14254.2000 0.3023
14389.9000 0.3029
14405.7000 0.3035
14479.0000 0.3042
14484.8000 0.3048
14622.7000 0.3054
14694.2000 0.3060
14852.0000 0.3066
14974.2000 0.3073
15118.9000 0.3079
15138.6000 0.3085
15142.8000 0.3091
15184.8000 0.3097
15250.1000 0.3104
15275.2000 0.3110
15291.5000 0.3116
15321.5000 0.3122
15538.4000 0.3128
15569.6000 0.3135
15867.3000 0.3141
16019.9000 0.3147
16045.6000 0.3153
16108.9000 0.3160
16116.4000 0.3166
16126.0000 0.3172
16136.1000 0.3178
16218.0000 0.3184
16326.4000 0.3191
16346.4000 0.3197
16370.7000 0.3203
16487.5000 0.3209
16500.8000 0.3215
16613.6000 0.3222
16623.2000 0.3228
16627.7000 0.3234
16712.8000 0.3240
16778.5000 0.3246
16835.9000 0.3253
16866.5000 0.3259
16868.7000 0.3265
16990.7000 0.3271
17068.2000 0.3277
17092.8000 0.3284
17108.8000 0.3290
17206.7000 0.3296
17331.0000 0.3302
17644.4000 0.3309
17663.5000 0.3315
17721.5000 0.3321
17836.9000 0.3327
17874.5000 0.3333
17913.1000 0.3340
17939.5000 0.3346
